low = [[(-20, 0), (0 , 0), (25, 100), (75, 100), (100, 0), (120, 0)],                            # A




        [(-20, 0), (0 , 0), (5 , 100), (95, 100), (100, 0), (120, 0)],


                                        # B
        [(-20, 0), (0 , 0), (0 , 100), (30,   0), (100, 20), (100, 0), (120, 0)],

                         # C
        [(-20, 0), (0 , 0), (2 , 100), (4 ,   10), (80, 10), (100, 100), (100, 0), (120, 0)], # D
        [(-20, 0), (0 , 0), (5 , 100), (100, 100), (100, 0), (120, 0)],                               # E
        [(-20, 0), (0 , 0), (5 , 100), (50, 100), (50, 0), (120, 0)],                              # F
        [(-20, 0), (0 , 0), (0 , 50 ), (40, 0), (60, 0), (80, 50), (100, 50), (100, 0), (120, 0)], # G
        [(-20, 0), (45, 0), (50, 200), (55, 0), (120, 0)],                                         # I
        [(-20, 0), (25, 0), (30, 200), (35, 0), (100, 20), (100, 0), (120, 0)],            # L
        [(-20, 0), (0 , 0), (5 , 200), (50, 140), (95, 200), (100, 0), (120, 0)],             # M
        [(-20, 0), (0 , 0), (5 , 200), (95, 0), (100, 200), (100, 0), (120, 0)],                # N
        [(-20, 0), (0 , 0), (2 , 200), (4, 10), (98, 10), (100, 200), (102, 0), (120, 0)], # O
        [(-20, 0), (0 , 0), (2 , 200), (4, 0), (100, 0), (120, 0)],                                # P
        [(-20, 0), (0 , 0), (2 , 200), (4, 10), (65, 10), (65, 50), (100, 0), (120, 0)],      # Q
        [(-20, 0), (0 , 0), (1 , 100), (100, 0), (120, 0)],                                        # R
        [(-20, 0), (0 , 0), (2 ,  10), (98, 10), (100, 100), (102, 0), (120, 0)],              # S
        [(-20, 0), (0 , 0), (0, 200), (45, 200), (50, 0), (55, 200), (100, 200), (100, 0), (120, 0)], # T
        [(-20, 0), (0 , 0), (2, 200), (4, 10), (98, 10), (100, 200), (102, 0), (120, 0)],  # U
        [(-20, 0), (0 , 0), (0, 200), (50, 0), (100, 200), (100, 0), (120, 0)],                 # V
        [(-20, 0), (0,  0), (2, 100), (45, 100), (49, 105), (53, 95), (57, 100), (100, 100), (100, 200), (120, 200)]] # Z

high = [[(-20, 200), (25, 200), (25, 100), (50, 200), (75, 100), (75, 200), (120, 200)],           # A
      [(-20, 200), (0 , 200), (2 , 100), (4, 200), (95, 180), (100, 100), (100, 200), (120, 200)], # B
      [(-20, 200), (0 , 200), (0 , 100), (30,   200), (100, 180), (100, 200), (120, 200)],         # C
      [(-20, 200), (0 , 200), (2 , 100), (4, 190), (80, 190), (100, 100), (100, 200), (120, 200)], # D
      [(-20, 200), (0 , 200), (2 , 100), (4, 190), (100, 190), (100, 200), (120, 200)],            # E
      [(-20, 200), (0 , 200), (2 , 100), (4, 190), (100, 190), (100, 200), (120, 200)],            # F
      [(-20, 200), (0 , 200), (0 ,  50), (4, 190), (100, 190), (100, 200), (100, 200), (120, 200)],# G
      [(-20, 200), (45, 200), (50,   0), (55, 200), (120, 200)],                                   # I
      [(-20, 200), (25, 200), (30,   0), (35, 200), (120, 200)],                                   # L
      [(-20, 200), (0 , 200), (50, 140), (100, 200), (120, 200)],                                  # M
      [(-20, 200), (0 , 200), (2 ,   0), (4, 200), (95, 0), (100, 200), (120, 200)],               # N
      [(-20, 200), (0 , 200), (2 ,   0), (4, 190), (97, 190), (99, 0), (101, 200), (120, 200)],    # O
      [(-20, 200), (0 , 200), (2 ,   0), (4, 100), (98, 100), (100, 200), (120, 200)],             # P
      [(-20, 200), (0 , 200), (2 ,   0), (4, 190), (97, 190), (99, 0), (101, 200), (120, 200)],    # Q
      [(-20, 200), (0 , 200), (4 ,   0), (6, 100), (98, 100), (100, 200), (120, 200)],             # R
      [(-20, 200), (0, 200), (2, 100), (100, 100), (100, 200), (120, 200)],                        # S
      [(-20, 200), (0, 200), (0, 190), (45, 190), (50, 0), (55, 190), (100, 190), (100, 200), (120, 200)], # T
      [(-20, 200), (0, 200), (2, 10), (4, 200), (98, 200), (100, 10), (102, 200), (120, 200)],     # U
      [(-20, 200), (0 , 200), (50, 200), (100, 200), (120, 200)],                                  # V
      [(-20, 200), (0 , 200), (2 ,  190), (98, 190), (100, 100), (102, 200), (120, 200)]]          # Z